#Mon Jan 14 15:09:05 CET 2014
PREC=4
RO=0.10000000149011612
MAX_CYCLES_PARAM=1
//FIT_Y=430
AUTO_START=false
FIT_Y=630
//FIT_X=620
FILE_NAME=def/pro5.vrp
FIT_X=970
DIPSLAY_LEVEL=3
LOCAL_UPDATE=false
//FILE_NAME=def/P-n16-k8.vrp
LOOPS=1
START_PHEROMON=0.0010000000474974513
ALPHA=1
BETA=4.0
NODE_DIM=15
SPEED=5
